1 0.693359375 0.4444444444444444 0.041015625 0.3273809523809524
1 0.7255859375 0.44494047619047616 0.052734375 0.34325396825396826
0 0.4755859375 0.4771825396825397 0.03515625 0.3541666666666667
1 0.48388671875 0.5014880952380952 0.017578125 0.021825396825396824
0 0.23876953125 0.5074404761904762 0.01953125 0.2013888888888889
0 0.1611328125 0.5084325396825397 0.0419921875 0.40575396825396826
0 0.10302734375 0.5153769841269841 0.0859375 0.6329365079365079
1 0.150390625 0.5297619047619048 0.0244140625 0.028769841269841268
1 0.57177734375 0.5729166666666666 0.009765625 0.01488095238095238
0 0.39396484375 0.49164682539682536 0.028955078124999978 0.2747222222222222
1 0.580224609375 0.5757638888888889 0.010361328124999902 0.011378968253968282
1 0.5431640625 0.5311904761904762 0.011445312500000027 0.01189484126984128