0 0.294921875 0.3718887262079063 0.119140625 0.3718887262079063
1 0.24072265625 0.40043923865300146 0.017578125 0.060029282576866766
1 0.182626953125 0.18837481698389458 0.023837890625000024 0.0914641288433382
1 0.40873046875 0.2465446559297218 0.015673828124999956 0.0655490483162518
1 0.54947265625 0.23774524158125915 0.015351562500000027 0.05633967789165449
1 0.457548828125 0.43942898975109806 0.040771484375 0.024655929721815566
1 0.4557421875 0.4842020497803806 0.03993164062499999 0.022166910688140536
1 0.522138671875 0.4532503660322108 0.016474609374999893 0.06064421669106875
1 0.598154296875 0.4773060029282577 0.020634765625000107 0.06275256222547586
1 0.873642578125 0.6176866764275256 0.06100585937500003 0.029780380673499314
1 0.865966796875 0.7020058565153734 0.05403320312499993 0.035270863836017616
1 0.855224609375 0.781303074670571 0.057656249999999964 0.030702781844802383
1 0.06005859375 0.06588579795021962 0.0205078125 0.13177159590043924
1 0.18806640625 0.7932357247437775 0.026347656250000018 0.03364568081991218
1 0.188486328125 0.7699999999999999 0.018818359374999982 0.03320644216691078
1 0.225869140625 0.6607906295754026 0.015458984374999984 0.05742313323572478
1 0.193369140625 0.30440702781844803 0.029189453124999987 0.01609077598828698
1 0.20078125 0.4078770131771596 0.023027343749999984 0.033294289897510994
1 0.200537109375 0.4492240117130307 0.019169921874999996 0.03180087847730604
1 0.206796875 0.48723279648609075 0.028300781250000018 0.03780380673499275