0 0.705078125 0.3718887262079063 0.119140625 0.3718887262079063
1 0.75927734375 0.40043923865300146 0.017578125 0.060029282576866766
1 0.544169921875 0.44027818448023426 0.0438085937499999 0.02632503660322111
1 0.546123046875 0.48588579795021963 0.04213867187500009 0.025519765739384994
1 0.47470703125 0.45513909224011717 0.022070312500000022 0.07696925329428997
1 0.405244140625 0.47270863836017574 0.022656250000000044 0.06191800878477301
1 0.45197265625 0.2360761346998536 0.018457031249999978 0.06972181551976575
1 0.59146484375 0.2448609077598829 0.01840820312499991 0.062196193265007346
1 0.129619140625 0.6143484626647145 0.06291015625000002 0.03982430453879948
1 0.135478515625 0.6959443631039531 0.057890625000000015 0.0440556368960469
1 0.146357421875 0.7758711566617862 0.06291015625000002 0.04493411420204986
1 0.9453125 0.06588579795021962 0.046875 0.13177159590043924
1 0.8198046875 0.18733528550512446 0.014707031249999947 0.09355783308931187
1 0.808583984375 0.3043484626647145 0.029853515624999938 0.02393850658857983
1 0.79900390625 0.4051830161054173 0.025820312500000053 0.04026354319180088
1 0.796982421875 0.4489751098096632 0.021787109374999947 0.038975109809663254
1 0.793642578125 0.4869106881405564 0.02645507812499992 0.04486090775988285
1 0.7778515625 0.6537774524158125 0.017216796875000107 0.041742313323572464