1 0.113 0.21786310517529214 0.095 0.09432387312186978
1 0.2815 0.21368948247078465 0.095 0.1001669449081803
1 0.454 0.22161936560934892 0.091 0.09599332220367279
1 0.7465 0.23205342237061768 0.374 0.08347245409015025
1 0.7475 0.33347245409015025 0.363 0.07762938230383973
1 0.7475 0.44657762938230383 0.383 0.0651085141903172
1 0.7465 0.5617696160267112 0.374 0.05425709515859766
1 0.742 0.666110183639399 0.402 0.06844741235392321
1 0.6615 0.7612687813021702 0.094 0.08347245409015025
1 0.8365 0.7625208681135225 0.095 0.09432387312186978
1 0.685 0.9056761268781303 0.148 0.15525876460767946
1 0.865 0.9098497495826378 0.141 0.15025041736227046
1 0.455 0.5617696160267112 0.104 0.09265442404006678
1 0.4545 0.4453255425709516 0.105 0.1010016694490818
1 0.455 0.333889816360601 0.107 0.08180300500834725
1 0.2835 0.33597662771285475 0.086 0.09682804674457429
1 0.28 0.45200333889816363 0.101 0.09265442404006678
1 0.2775 0.5563439065108514 0.098 0.08764607679465776
1 0.11 0.5617696160267112 0.115 0.09599332220367279
1 0.106 0.44574290484140233 0.135 0.09432387312186978
1 0.1135 0.3297161936560935 0.109 0.09599332220367279
1 0.49967000000000006 0.9047746243739566 0.12753000000000003 0.15177796327212015
1 0.30695 0.9035141903171954 0.13709000000000005 0.1409265442404006
1 0.12073000000000002 0.9081135225375626 0.14964 0.1417612687813021
1 0.12598 0.7152337228714525 0.13513999999999998 0.139983305509182
1 0.3087 0.7148163606010017 0.14558000000000004 0.14749582637729552